      0/49     2.95G   0.06032   0.01403         0   0.07435        34       640    0.7131    0.4732    0.5074    0.1986     0.105   0.02605         0
      1/49     4.24G   0.04252   0.01239         0    0.0549        45       640    0.8065    0.5351     0.594    0.2717   0.09472   0.02695         0
      2/49     4.58G   0.04162   0.01211         0   0.05373        26       640     0.769    0.5284    0.5753    0.2631   0.09945   0.02584         0
      3/49     4.58G   0.04899   0.01367         0   0.06266        98       640    0.2193    0.2544   0.08604   0.03232    0.1101   0.03432         0
      4/49     4.66G   0.05511   0.01458         0   0.06968       152       640    0.6118    0.3162    0.3403    0.1477    0.1018    0.0291         0
      5/49     4.66G   0.04893   0.01376         0    0.0627        16       640    0.6528    0.3419     0.374     0.169    0.1022   0.02914         0
      6/49     4.66G   0.04683   0.01336         0   0.06019        45       640    0.7057    0.4142    0.4541    0.2119   0.09616   0.02957         0
      7/49     6.86G   0.04548   0.01292         0    0.0584        46       640    0.7322    0.4419    0.4885    0.2309   0.09509   0.03013         0
      8/49     6.86G   0.04394   0.01308         0   0.05701        16       640     0.765    0.4689    0.5237    0.2479   0.09262   0.02975         0
      9/49     6.86G    0.0442   0.01311         0   0.05731        69       640    0.7507    0.4666    0.5185    0.2487   0.09144   0.03052         0
     10/49     6.86G    0.0432   0.01301         0   0.05621        18       640    0.7795    0.4811    0.5395    0.2595   0.09061     0.032         0
     11/49     8.92G   0.04325   0.01329         0   0.05654        41       640    0.7708    0.4785    0.5377    0.2615   0.08819   0.03075         0
     12/49     8.92G   0.04236   0.01299         0   0.05535        47       640    0.7234    0.4866    0.5262    0.2587   0.08952   0.03202         0
     13/49     8.92G   0.04109   0.01266         0   0.05375        58       640    0.7735    0.4959    0.5515    0.2666   0.09358   0.03414         0
     14/49     8.92G   0.04197   0.01283         0    0.0548         7       640    0.7841    0.4949    0.5551    0.2709   0.08729   0.03284         0
     15/49     8.92G   0.04037   0.01247         0   0.05284        50       640    0.7908    0.5304    0.5891    0.2899    0.0869   0.03263         0
     16/49     8.92G   0.03969   0.01217         0   0.05187        40       640    0.8034    0.5302     0.593    0.2927     0.085   0.03363         0
     17/49     8.92G   0.03989   0.01248         0   0.05238        85       640    0.8142    0.5362    0.6031    0.3001   0.08521   0.03398         0
     18/49     8.92G   0.03872   0.01202         0   0.05074        65       640    0.8177    0.5439    0.6094     0.306   0.08402   0.03494         0
     19/49     8.92G   0.03824   0.01223         0   0.05047        32       640    0.8054    0.5566    0.6158    0.3095   0.08556   0.03528         0
     20/49     8.92G   0.03873   0.01231         0   0.05105        37       640    0.8187    0.5544    0.6193    0.3121   0.08371   0.03607         0
     21/49     8.92G   0.03818    0.0122         0   0.05038        45       640    0.8118    0.5623    0.6225    0.3152   0.08329    0.0362         0
     22/49     8.92G   0.03863   0.01224         0   0.05088        22       640    0.8145    0.5586    0.6223    0.3135   0.08429   0.03664         0
     23/49     8.92G   0.03842   0.01195         0   0.05038        67       640    0.8082    0.5675    0.6263    0.3149   0.08233   0.03793         0
     24/49     8.92G   0.03763   0.01215         0   0.04977        36       640    0.8286    0.5673    0.6347    0.3216   0.08278   0.03784         0
     25/49     8.92G   0.03763   0.01191         0   0.04954        65       640    0.8217     0.571    0.6358    0.3225   0.08253   0.03805         0
     26/49     8.92G   0.03726   0.01199         0   0.04925        31       640    0.8143     0.584    0.6428     0.328   0.08267   0.03791         0
     27/49     8.92G   0.03706   0.01189         0   0.04896        71       640    0.8235    0.5793    0.6437     0.328   0.08251   0.03863         0
     28/49     8.92G   0.03694   0.01186         0    0.0488        11       640    0.8203    0.5904    0.6509    0.3334   0.08303   0.03797         0
     29/49     8.92G   0.03665    0.0121         0   0.04875        40       640    0.8274    0.5875    0.6518    0.3335   0.08167   0.03899         0
     30/49     8.92G   0.03637   0.01209         0   0.04846        20       640    0.8295    0.5907    0.6553    0.3344   0.08186    0.0391         0
     31/49     8.92G   0.03608   0.01165         0   0.04773        33       640    0.8289    0.5967    0.6585    0.3374     0.082   0.03916         0
     32/49     8.92G   0.03615   0.01183         0   0.04799        12       640    0.8389    0.5932     0.661    0.3391   0.08192   0.03926         0
     33/49     8.92G   0.03595    0.0117         0   0.04764        41       640    0.8285    0.6042    0.6652    0.3418   0.08219   0.03918         0
     34/49     8.92G   0.03611   0.01173         0   0.04784        16       640    0.8435     0.599    0.6671    0.3438   0.08172   0.03987         0
     35/49     8.92G   0.03556   0.01136         0   0.04692        58       640    0.8359    0.6023    0.6671    0.3436    0.0823   0.03972         0
     36/49     8.92G   0.03578   0.01161         0   0.04738       315       640     0.831      0.61    0.6712     0.347   0.08092   0.04066         0
     37/49     8.92G   0.03584   0.01176         0    0.0476        24       640    0.8366    0.6086    0.6719    0.3467   0.08118   0.04071         0
     38/49     8.92G   0.03544   0.01147         0   0.04691        23       640    0.8421    0.6054    0.6721    0.3465   0.08155    0.0407         0
     39/49     8.92G   0.03524   0.01153         0   0.04677        74       640    0.8419     0.609    0.6744     0.349   0.08105   0.04068         0
     40/49     8.92G   0.03519   0.01134         0   0.04653        33       640    0.8316    0.6149    0.6754    0.3483   0.08098   0.04099         0
     41/49     8.92G   0.03525   0.01168         0   0.04693        16       640    0.8354    0.6161    0.6787    0.3513   0.08144   0.04069         0
     42/49     8.92G   0.03527   0.01156         0   0.04682        31       640     0.839    0.6151    0.6789     0.351   0.08153   0.04101         0
     43/49     8.92G   0.03497   0.01148         0   0.04645        25       640    0.8288    0.6201    0.6792     0.351    0.0816   0.04104         0
     44/49     8.92G   0.03496   0.01174         0    0.0467       224       640     0.839    0.6161    0.6802    0.3517   0.08165   0.04105         0
     45/49     8.92G   0.03496   0.01145         0   0.04641        33       640    0.8373    0.6192    0.6819    0.3536   0.08168   0.04115         0
     46/49     8.92G   0.03508   0.01157         0   0.04666         8       640    0.8352    0.6213    0.6825    0.3537   0.08161   0.04146         0
     47/49     8.92G   0.03492   0.01167         0   0.04659        80       640    0.8422    0.6183    0.6831    0.3542   0.08156   0.04145         0
     48/49     8.92G   0.03462   0.01141         0   0.04603       634       640    0.8493    0.6159     0.684    0.3547   0.08152   0.04165         0
     49/49     8.92G   0.03491    0.0117         0   0.04661        83       640    0.8459    0.6193    0.6853     0.356   0.08132   0.04199         0
